operation,type,FL,take-off time,landing time,operation time,flight distance
spv0,Mavic,200.0,6762.0,7550.0,788.0,4.117827926756463
spv1,Phan4,300.0,2836.0,3536.0,700.0,1.6752487753032503
spv2,CranfieldV2,250.0,6450.0,6922.0,472.0,2.359121503587976
spv3,M100,250.0,10716.0,11283.0,567.0,2.901182719793467
spv4,CranfieldV2,250.0,4985.0,5537.0,552.0,2.8879559895650493
spv5,Phan4,250.0,1211.0,1758.0,547.0,2.8432103872233667
spv6,M600,300.0,8045.0,8625.0,580.0,2.88600236884969
spv7,Horsefly,300.0,4222.0,4576.0,354.0,1.6936974219724852
spv8,CranfieldV2,300.0,1526.0,1973.0,447.0,2.1650647765565907
spv9,M600,200.0,4362.0,4873.0,511.0,2.6711017325454627
spv10,Phan4,250.0,1948.0,2543.0,595.0,3.057704430532706
spv11,Mavic,200.0,7423.0,8477.0,1054.0,2.7043996147423157
spv12,Phan4,200.0,3648.0,4258.0,610.0,3.1995143899484146
spv13,Phan4,200.0,4749.0,5104.0,355.0,1.7552488947237235
spv14,M600,200.0,2344.0,2759.0,415.0,2.0988003548545326
spv15,M600,300.0,13650.0,14242.0,592.0,2.9816398789594265
spv16,Horsefly,250.0,15965.0,16505.0,540.0,2.7542869793431017
spv17,Phan4,200.0,7913.0,8679.0,766.0,1.9498642044714405
spv18,Horsefly,200.0,4897.0,5256.0,359.0,1.831439199324409
spv19,Mavic,250.0,11466.0,12076.0,610.0,3.12245413491117
spv20,Phan4,200.0,8566.0,9098.0,532.0,2.7634013693559387
spv21,M200,200.0,4820.0,5198.0,378.0,1.9305899283963892
spv22,Phan4,250.0,5389.0,6243.0,854.0,2.1064288379620777
spv23,Mavic,300.0,11971.0,13035.0,1064.0,2.602318766377497
spv24,Mavic,250.0,5253.0,6341.0,1088.0,2.7708528619196415
spv25,CranfieldV2,300.0,9408.0,10554.0,1146.0,2.8247010829363983
spv26,Horsefly,250.0,6898.0,7471.0,573.0,3.0042135230844496
spv27,Mavic,250.0,6087.0,6742.0,655.0,3.3754834841094925
spv28,M100,300.0,3621.0,4104.0,483.0,2.3371496779732825
spv29,M100,200.0,1601.0,2129.0,528.0,2.728093642355508
spv30,M200,200.0,2923.0,3737.0,814.0,2.0631759187046845
spv31,CranfieldV2,250.0,9251.0,10440.0,1189.0,2.9890166671523017
spv32,Mavic,250.0,3314.0,3881.0,567.0,2.920466153170425
spv33,Mavic,200.0,2806.0,3189.0,383.0,1.9879160040407227
spv34,Horsefly,300.0,11266.0,11691.0,425.0,2.0761987096764143
spv35,Horsefly,200.0,2436.0,3506.0,1070.0,2.754022936478929
spv36,M200,300.0,4083.0,4580.0,497.0,2.4420860800993
spv37,Horsefly,250.0,4202.0,5496.0,1294.0,3.3234992715669067
spv38,Mavic,300.0,5178.0,6496.0,1318.0,3.335753207764021
spv39,CranfieldV2,250.0,2772.0,3403.0,631.0,3.239261824846343
spv40,Mavic,200.0,6019.0,6645.0,626.0,3.239976129272169
spv41,Mavic,300.0,4629.0,5645.0,1016.0,2.492570731161209
spv42,Horsefly,200.0,4404.0,4989.0,585.0,3.0174440547464636
spv43,Horsefly,250.0,3104.0,3519.0,415.0,2.0752417389455293
spv44,Mavic,300.0,12603.0,13461.0,858.0,2.0958320706034432
spv45,M600,300.0,7375.0,7884.0,509.0,2.5551645032151447
spv46,Phan4,200.0,6116.0,6487.0,371.0,1.8979818535719082
spv47,M100,250.0,11540.0,12379.0,839.0,2.086234309544157
spv48,Mavic,200.0,7654.0,8019.0,365.0,1.8722193760918846
spv49,M200,300.0,7150.0,7594.0,444.0,2.1750537880083494
spv50,M600,200.0,2828.0,3404.0,576.0,1.448377609141164
spv51,CranfieldV2,300.0,4087.0,5095.0,1008.0,2.4535779179901898
spv52,Mavic,300.0,13996.0,15131.0,1135.0,2.863667042027524
spv53,M200,250.0,6743.0,7751.0,1008.0,2.5525251178668067
spv54,CranfieldV2,200.0,1644.0,2362.0,718.0,1.7948083134992558
spv55,Phan4,200.0,5941.0,6609.0,668.0,3.505936236577816
spv56,Horsefly,250.0,3010.0,3441.0,431.0,2.1611858627003486
spv57,M100,200.0,8808.0,9354.0,546.0,2.805732260404064
spv58,CranfieldV2,300.0,13315.0,14086.0,771.0,1.8529157973191708
spv59,M200,200.0,3168.0,4410.0,1242.0,3.233904453727315
spv60,M600,300.0,7765.0,8769.0,1004.0,2.522622002892464
spv61,Mavic,300.0,2961.0,3476.0,515.0,2.552556064739442
spv62,M600,250.0,4918.0,5475.0,557.0,2.8485829840889525
spv63,Phan4,200.0,1130.0,2127.0,997.0,2.5951219158797976
spv64,M600,200.0,6142.0,6611.0,469.0,2.4340082000953025
spv65,CranfieldV2,250.0,3254.0,3708.0,454.0,2.2907238291057994
spv66,Horsefly,250.0,8663.0,9727.0,1064.0,2.7064707804857497
spv67,M600,250.0,7931.0,8895.0,964.0,2.40669808368995
spv68,M600,250.0,7656.0,8011.0,355.0,1.7556623446835187
spv69,Phan4,300.0,12846.0,13647.0,801.0,1.9309610502009493
spv70,Phan4,300.0,6005.0,6404.0,399.0,1.9348088518768025
spv71,CranfieldV2,200.0,8244.0,8918.0,674.0,1.7419294390951297
spv72,CranfieldV2,300.0,6129.0,6664.0,535.0,2.697081454377059
spv73,M600,250.0,16897.0,17368.0,471.0,2.380496219832207
spv74,CranfieldV2,250.0,14833.0,15305.0,472.0,2.3791374675084063
spv75,Mavic,300.0,4757.0,5794.0,1037.0,2.5143962249930647
spv76,M100,250.0,1268.0,2256.0,988.0,2.489738505940926
spv77,Horsefly,300.0,8521.0,9150.0,629.0,3.150319039569554
spv78,M200,250.0,6274.0,6626.0,352.0,1.7651936256350629
spv79,Horsefly,250.0,6468.0,7014.0,546.0,2.7581371378286788
hpv0,Eh216,350.0,12236.0,12908.0,672.0,7.054161978721172
hpv1,Eh216,350.0,13023.0,13902.0,879.0,6.916432399057567
hpv2,Eh216,350.0,19226.0,20446.0,1220.0,9.796640547977098
hpv3,Eh216,350.0,8830.0,9426.0,596.0,4.718197108220911
hpv4,Eh216,350.0,9314.0,10724.0,1410.0,11.335010409295336
hpv5,Eh216,350.0,6203.0,6766.0,563.0,4.4300280159298495
hpv6,Eh216,350.0,5466.0,6690.0,1224.0,9.765695106141855
hpv7,Eh216,350.0,8252.0,8624.0,372.0,3.6638001187259377
hpv8,Eh216,350.0,6352.0,6640.0,288.0,2.9138852948757967
hpv9,Eh216,350.0,3926.0,4962.0,1036.0,8.264255062897636
hpv10,Eh216,350.0,17319.0,17830.0,511.0,5.1117766642529014
hpv11,Eh216,350.0,3284.0,3619.0,335.0,3.364920394580524
hpv12,Eh216,350.0,10330.0,10869.0,539.0,5.591318784055182
hpv13,Eh216,350.0,8266.0,9663.0,1397.0,11.064454256000666
hpv14,Eh216,350.0,3788.0,4468.0,680.0,5.221426223986939
hpv15,Eh216,350.0,10416.0,10896.0,480.0,3.6286055635205035
hpv16,Eh216,350.0,6894.0,8054.0,1160.0,12.075798418896914
hpv17,Eh216,350.0,4521.0,5376.0,855.0,6.602305967431189
hpv18,Eh216,350.0,6552.0,7594.0,1042.0,10.688061371903709
hpv19,Eh216,350.0,17348.0,18281.0,933.0,9.539491962121355