operation,type,FL,take-off time,landing time,operation time,flight distance
spv0,M100,200.0,6762.0,7550.0,788.0,4.117827926756463
spv1,M200,300.0,2836.0,3536.0,700.0,1.6752487753032503
spv2,M200,250.0,4650.0,5122.0,472.0,2.359121503587976
spv3,M100,250.0,5316.0,5883.0,567.0,2.901182719793467
spv4,M600,250.0,4985.0,5537.0,552.0,2.8879559895650493
spv5,M100,250.0,1211.0,1758.0,547.0,2.8432103872233667
spv6,M100,300.0,6545.0,7125.0,580.0,2.88600236884969
spv7,M200,300.0,4222.0,4576.0,354.0,1.6936974219724852
spv8,M100,300.0,1526.0,1973.0,447.0,2.1650647765565907
spv9,Phan4,200.0,4362.0,4873.0,511.0,2.6711017325454627
spv10,Horsefly,250.0,1948.0,2543.0,595.0,3.057704430532706
spv11,M100,200.0,5023.0,6077.0,1054.0,2.7043996147423157
spv12,M600,200.0,3048.0,3658.0,610.0,3.1995143899484146
spv13,Mavic,200.0,4749.0,5104.0,355.0,1.7552488947237235
spv14,Phan4,200.0,2344.0,2759.0,415.0,2.0988003548545326
spv15,M200,300.0,7650.0,8242.0,592.0,2.9816398789594265
spv16,M100,250.0,9365.0,9905.0,540.0,2.7542869793431017
spv17,M600,200.0,7313.0,8079.0,766.0,1.9498642044714405
spv18,M600,200.0,4897.0,5256.0,359.0,1.831439199324409
spv19,CranfieldV2,250.0,5766.0,6376.0,610.0,3.12245413491117
spv20,M600,200.0,7666.0,8198.0,532.0,2.7634013693559387
spv21,Horsefly,200.0,4220.0,4598.0,378.0,1.9305899283963892
spv22,Mavic,250.0,4189.0,5043.0,854.0,2.1064288379620777
spv23,M100,300.0,8971.0,10035.0,1064.0,2.602318766377497
spv24,M100,250.0,3453.0,4541.0,1088.0,2.7708528619196415
spv25,M600,300.0,6108.0,7254.0,1146.0,2.8247010829363983
spv26,M600,250.0,6598.0,7171.0,573.0,3.0042135230844496
spv27,M600,250.0,3987.0,4642.0,655.0,3.3754834841094925
spv28,M200,300.0,3621.0,4104.0,483.0,2.3371496779732825
spv29,Phan4,200.0,1601.0,2129.0,528.0,2.728093642355508
spv30,M200,200.0,2923.0,3737.0,814.0,2.0631759187046845
spv31,CranfieldV2,250.0,5051.0,6240.0,1189.0,2.9890166671523017
spv32,Mavic,250.0,3314.0,3881.0,567.0,2.920466153170425
spv33,M100,200.0,2806.0,3189.0,383.0,1.9879160040407227
spv34,Horsefly,300.0,2866.0,3291.0,425.0,2.0761987096764143
spv35,M100,200.0,2436.0,3506.0,1070.0,2.754022936478929
spv36,Horsefly,300.0,4083.0,4580.0,497.0,2.4420860800993
spv37,Horsefly,250.0,4202.0,5496.0,1294.0,3.3234992715669067
spv38,Horsefly,300.0,5178.0,6496.0,1318.0,3.335753207764021
spv39,Horsefly,250.0,2772.0,3403.0,631.0,3.239261824846343
spv40,M200,200.0,5419.0,6045.0,626.0,3.239976129272169
spv41,Horsefly,300.0,4629.0,5645.0,1016.0,2.492570731161209
spv42,M100,200.0,2004.0,2589.0,585.0,3.0174440547464636
spv43,M200,250.0,3104.0,3519.0,415.0,2.0752417389455293
spv44,M600,300.0,3903.0,4761.0,858.0,2.0958320706034432
spv45,Mavic,300.0,4675.0,5184.0,509.0,2.5551645032151447
spv46,Horsefly,200.0,4916.0,5287.0,371.0,1.8979818535719082
spv47,Horsefly,250.0,6740.0,7579.0,839.0,2.086234309544157
spv48,Horsefly,200.0,7054.0,7419.0,365.0,1.8722193760918846
spv49,CranfieldV2,300.0,6250.0,6694.0,444.0,2.1750537880083494
spv50,M200,200.0,2828.0,3404.0,576.0,1.448377609141164
spv51,Horsefly,300.0,4087.0,5095.0,1008.0,2.4535779179901898
spv52,Phan4,300.0,7996.0,9131.0,1135.0,2.863667042027524
spv53,Mavic,250.0,6443.0,7451.0,1008.0,2.5525251178668067
spv54,CranfieldV2,200.0,1644.0,2362.0,718.0,1.7948083134992558
spv55,Horsefly,200.0,5341.0,6009.0,668.0,3.505936236577816
spv56,Mavic,250.0,3010.0,3441.0,431.0,2.1611858627003486
spv57,Mavic,200.0,3708.0,4254.0,546.0,2.805732260404064
spv58,M200,300.0,9715.0,10486.0,771.0,1.8529157973191708
spv59,M100,200.0,2568.0,3810.0,1242.0,3.233904453727315
spv60,M600,300.0,7765.0,8769.0,1004.0,2.522622002892464
spv61,M200,300.0,2961.0,3476.0,515.0,2.552556064739442
spv62,M200,250.0,3718.0,4275.0,557.0,2.8485829840889525
spv63,Phan4,200.0,1130.0,2127.0,997.0,2.5951219158797976
spv64,Phan4,200.0,6142.0,6611.0,469.0,2.4340082000953025
spv65,Horsefly,250.0,3254.0,3708.0,454.0,2.2907238291057994
spv66,M600,250.0,4163.0,5227.0,1064.0,2.7064707804857497
spv67,M100,250.0,4631.0,5595.0,964.0,2.40669808368995
spv68,M600,250.0,5556.0,5911.0,355.0,1.7556623446835187
spv69,M100,300.0,7446.0,8247.0,801.0,1.9309610502009493
spv70,Mavic,300.0,6005.0,6404.0,399.0,1.9348088518768025
spv71,CranfieldV2,200.0,4344.0,5018.0,674.0,1.7419294390951297
spv72,Phan4,300.0,6429.0,6964.0,535.0,2.697081454377059
spv73,Mavic,250.0,9697.0,10168.0,471.0,2.380496219832207
spv74,M600,250.0,2233.0,2705.0,472.0,2.3791374675084063
spv75,Phan4,300.0,4157.0,5194.0,1037.0,2.5143962249930647
spv76,Mavic,250.0,1268.0,2256.0,988.0,2.489738505940926
spv77,CranfieldV2,300.0,7321.0,7950.0,629.0,3.150319039569554
spv78,CranfieldV2,250.0,5074.0,5426.0,352.0,1.7651936256350629
spv79,Phan4,250.0,4668.0,5214.0,546.0,2.7581371378286788
hpv0,Eh216,350.0,2036.0,2708.0,672.0,7.054161978721172
hpv1,Eh216,350.0,3723.0,4602.0,879.0,6.916432399057567
hpv2,Eh216,350.0,9926.0,11146.0,1220.0,9.796640547977098
hpv3,Eh216,350.0,6430.0,7026.0,596.0,4.718197108220911
hpv4,Eh216,350.0,8114.0,9524.0,1410.0,11.335010409295336
hpv5,Eh216,350.0,2003.0,2566.0,563.0,4.4300280159298495
hpv6,Eh216,350.0,3666.0,4890.0,1224.0,9.765695106141855
hpv7,Eh216,350.0,2252.0,2624.0,372.0,3.6638001187259377
hpv8,Eh216,350.0,6652.0,6940.0,288.0,2.9138852948757967
hpv9,Eh216,350.0,3326.0,4362.0,1036.0,8.264255062897636
hpv10,Eh216,350.0,8919.0,9430.0,511.0,5.1117766642529014
hpv11,Eh216,350.0,3284.0,3619.0,335.0,3.364920394580524
hpv12,Eh216,350.0,7330.0,7869.0,539.0,5.591318784055182
hpv13,Eh216,350.0,4966.0,6363.0,1397.0,11.064454256000666
hpv14,Eh216,350.0,4688.0,5368.0,680.0,5.221426223986939
hpv15,Eh216,350.0,6216.0,6696.0,480.0,3.6286055635205035
hpv16,Eh216,350.0,5394.0,6554.0,1160.0,12.075798418896914
hpv17,Eh216,350.0,4521.0,5376.0,855.0,6.602305967431189
hpv18,Eh216,350.0,6852.0,7894.0,1042.0,10.688061371903709
hpv19,Eh216,350.0,8648.0,9581.0,933.0,9.539491962121355