operation,type,FL,take-off time,landing time,operation time,flight distance
spv0,M600,200.0,6762.0,7550.0,788.0,4.117827926756463
spv1,M200,300.0,3736.0,4436.0,700.0,1.6752487753032503
spv2,M100,250.0,5850.0,6322.0,472.0,2.359121503587976
spv3,Phan4,250.0,8316.0,8883.0,567.0,2.901182719793467
spv4,M200,250.0,4985.0,5537.0,552.0,2.8879559895650493
spv5,Phan4,250.0,1211.0,1758.0,547.0,2.8432103872233667
spv6,M100,300.0,7145.0,7725.0,580.0,2.88600236884969
spv7,M100,300.0,4222.0,4576.0,354.0,1.6936974219724852
spv8,M600,300.0,1526.0,1973.0,447.0,2.1650647765565907
spv9,Phan4,200.0,4362.0,4873.0,511.0,2.6711017325454627
spv10,M200,250.0,1948.0,2543.0,595.0,3.057704430532706
spv11,Mavic,200.0,6823.0,7877.0,1054.0,2.7043996147423157
spv12,M600,200.0,3348.0,3958.0,610.0,3.1995143899484146
spv13,CranfieldV2,200.0,4749.0,5104.0,355.0,1.7552488947237235
spv14,M600,200.0,2344.0,2759.0,415.0,2.0988003548545326
spv15,M100,300.0,10650.0,11242.0,592.0,2.9816398789594265
spv16,M600,250.0,7865.0,8405.0,540.0,2.7542869793431017
spv17,M600,200.0,7613.0,8379.0,766.0,1.9498642044714405
spv18,Horsefly,200.0,4897.0,5256.0,359.0,1.831439199324409
spv19,M100,250.0,5766.0,6376.0,610.0,3.12245413491117
spv20,Horsefly,200.0,10966.0,11498.0,532.0,2.7634013693559387
spv21,M600,200.0,4220.0,4598.0,378.0,1.9305899283963892
spv22,M100,250.0,4789.0,5643.0,854.0,2.1064288379620777
spv23,M100,300.0,9271.0,10335.0,1064.0,2.602318766377497
spv24,M600,250.0,4953.0,6041.0,1088.0,2.7708528619196415
spv25,M600,300.0,8208.0,9354.0,1146.0,2.8247010829363983
spv26,Horsefly,250.0,6298.0,6871.0,573.0,3.0042135230844496
spv27,Mavic,250.0,3987.0,4642.0,655.0,3.3754834841094925
spv28,M200,300.0,3621.0,4104.0,483.0,2.3371496779732825
spv29,Mavic,200.0,1601.0,2129.0,528.0,2.728093642355508
spv30,Horsefly,200.0,2923.0,3737.0,814.0,2.0631759187046845
spv31,Mavic,250.0,8051.0,9240.0,1189.0,2.9890166671523017
spv32,Horsefly,250.0,3314.0,3881.0,567.0,2.920466153170425
spv33,CranfieldV2,200.0,2806.0,3189.0,383.0,1.9879160040407227
spv34,M600,300.0,7366.0,7791.0,425.0,2.0761987096764143
spv35,Phan4,200.0,2436.0,3506.0,1070.0,2.754022936478929
spv36,Mavic,300.0,4083.0,4580.0,497.0,2.4420860800993
spv37,M200,250.0,4202.0,5496.0,1294.0,3.3234992715669067
spv38,Horsefly,300.0,6978.0,8296.0,1318.0,3.335753207764021
spv39,Mavic,250.0,2772.0,3403.0,631.0,3.239261824846343
spv40,M200,200.0,5419.0,6045.0,626.0,3.239976129272169
spv41,CranfieldV2,300.0,4629.0,5645.0,1016.0,2.492570731161209
spv42,M200,200.0,4104.0,4689.0,585.0,3.0174440547464636
spv43,Horsefly,250.0,3104.0,3519.0,415.0,2.0752417389455293
spv44,Horsefly,300.0,4503.0,5361.0,858.0,2.0958320706034432
spv45,Mavic,300.0,7075.0,7584.0,509.0,2.5551645032151447
spv46,M100,200.0,5216.0,5587.0,371.0,1.8979818535719082
spv47,Phan4,250.0,10340.0,11179.0,839.0,2.086234309544157
spv48,CranfieldV2,200.0,7054.0,7419.0,365.0,1.8722193760918846
spv49,Mavic,300.0,6550.0,6994.0,444.0,2.1750537880083494
spv50,Horsefly,200.0,2828.0,3404.0,576.0,1.448377609141164
spv51,M600,300.0,4087.0,5095.0,1008.0,2.4535779179901898
spv52,Mavic,300.0,10696.0,11831.0,1135.0,2.863667042027524
spv53,CranfieldV2,250.0,6443.0,7451.0,1008.0,2.5525251178668067
spv54,Horsefly,200.0,1644.0,2362.0,718.0,1.7948083134992558
spv55,Horsefly,200.0,5641.0,6309.0,668.0,3.505936236577816
spv56,Horsefly,250.0,3010.0,3441.0,431.0,2.1611858627003486
spv57,M100,200.0,8208.0,8754.0,546.0,2.805732260404064
spv58,Mavic,300.0,5215.0,5986.0,771.0,1.8529157973191708
spv59,Horsefly,200.0,2868.0,4110.0,1242.0,3.233904453727315
spv60,Mavic,300.0,7765.0,8769.0,1004.0,2.522622002892464
spv61,Horsefly,300.0,2961.0,3476.0,515.0,2.552556064739442
spv62,Horsefly,250.0,4318.0,4875.0,557.0,2.8485829840889525
spv63,Horsefly,200.0,1130.0,2127.0,997.0,2.5951219158797976
spv64,M200,200.0,6142.0,6611.0,469.0,2.4340082000953025
spv65,Horsefly,250.0,3254.0,3708.0,454.0,2.2907238291057994
spv66,M600,250.0,5963.0,7027.0,1064.0,2.7064707804857497
spv67,M600,250.0,7631.0,8595.0,964.0,2.40669808368995
spv68,Phan4,250.0,7956.0,8311.0,355.0,1.7556623446835187
spv69,CranfieldV2,300.0,9846.0,10647.0,801.0,1.9309610502009493
spv70,M600,300.0,6005.0,6404.0,399.0,1.9348088518768025
spv71,M200,200.0,4644.0,5318.0,674.0,1.7419294390951297
spv72,M200,300.0,6729.0,7264.0,535.0,2.697081454377059
spv73,CranfieldV2,250.0,12097.0,12568.0,471.0,2.380496219832207
spv74,M600,250.0,7033.0,7505.0,472.0,2.3791374675084063
spv75,Mavic,300.0,5357.0,6394.0,1037.0,2.5143962249930647
spv76,M200,250.0,1268.0,2256.0,988.0,2.489738505940926
spv77,M600,300.0,4321.0,4950.0,629.0,3.150319039569554
spv78,M200,250.0,6874.0,7226.0,352.0,1.7651936256350629
spv79,M600,250.0,6168.0,6714.0,546.0,2.7581371378286788
hpv0,Eh216,350.0,11336.0,12008.0,672.0,7.054161978721172
hpv1,Eh216,350.0,9423.0,10302.0,879.0,6.916432399057567
hpv2,Eh216,350.0,14126.0,15346.0,1220.0,9.796640547977098
hpv3,Eh216,350.0,8230.0,8826.0,596.0,4.718197108220911
hpv4,Eh216,350.0,2114.0,3524.0,1410.0,11.335010409295336
hpv5,Eh216,350.0,2003.0,2566.0,563.0,4.4300280159298495
hpv6,Eh216,350.0,5166.0,6390.0,1224.0,9.765695106141855
hpv7,Eh216,350.0,7352.0,7724.0,372.0,3.6638001187259377
hpv8,Eh216,350.0,6052.0,6340.0,288.0,2.9138852948757967
hpv9,Eh216,350.0,3626.0,4662.0,1036.0,8.264255062897636
hpv10,Eh216,350.0,11919.0,12430.0,511.0,5.1117766642529014
hpv11,Eh216,350.0,3884.0,4219.0,335.0,3.364920394580524
hpv12,Eh216,350.0,9430.0,9969.0,539.0,5.591318784055182
hpv13,Eh216,350.0,7366.0,8763.0,1397.0,11.064454256000666
hpv14,Eh216,350.0,3788.0,4468.0,680.0,5.221426223986939
hpv15,Eh216,350.0,8016.0,8496.0,480.0,3.6286055635205035
hpv16,Eh216,350.0,6294.0,7454.0,1160.0,12.075798418896914
hpv17,Eh216,350.0,4521.0,5376.0,855.0,6.602305967431189
hpv18,Eh216,350.0,5952.0,6994.0,1042.0,10.688061371903709
hpv19,Eh216,350.0,12548.0,13481.0,933.0,9.539491962121355