operation,type,FL,take-off time,landing time,operation time,flight distance
spv0,Phan4,200.0,9462.0,10250.0,788.0,4.117827926756463
spv1,M100,300.0,4636.0,5336.0,700.0,1.6752487753032503
spv2,CranfieldV2,250.0,3750.0,4222.0,472.0,2.359121503587976
spv3,Mavic,250.0,7116.0,7683.0,567.0,2.901182719793467
spv4,Mavic,250.0,4985.0,5537.0,552.0,2.8879559895650493
spv5,CranfieldV2,250.0,1211.0,1758.0,547.0,2.8432103872233667
spv6,CranfieldV2,300.0,5645.0,6225.0,580.0,2.88600236884969
spv7,Phan4,300.0,6022.0,6376.0,354.0,1.6936974219724852
spv8,M600,300.0,1526.0,1973.0,447.0,2.1650647765565907
spv9,CranfieldV2,200.0,4362.0,4873.0,511.0,2.6711017325454627
spv10,CranfieldV2,250.0,1948.0,2543.0,595.0,3.057704430532706
spv11,M200,200.0,4723.0,5777.0,1054.0,2.7043996147423157
spv12,M600,200.0,2448.0,3058.0,610.0,3.1995143899484146
spv13,CranfieldV2,200.0,5949.0,6304.0,355.0,1.7552488947237235
spv14,Mavic,200.0,2944.0,3359.0,415.0,2.0988003548545326
spv15,Horsefly,300.0,12750.0,13342.0,592.0,2.9816398789594265
spv16,Mavic,250.0,8765.0,9305.0,540.0,2.7542869793431017
spv17,Horsefly,200.0,5813.0,6579.0,766.0,1.9498642044714405
spv18,Phan4,200.0,4897.0,5256.0,359.0,1.831439199324409
spv19,Mavic,250.0,7866.0,8476.0,610.0,3.12245413491117
spv20,Horsefly,200.0,9766.0,10298.0,532.0,2.7634013693559387
spv21,Mavic,200.0,4520.0,4898.0,378.0,1.9305899283963892
spv22,M100,250.0,11389.0,12243.0,854.0,2.1064288379620777
spv23,CranfieldV2,300.0,11071.0,12135.0,1064.0,2.602318766377497
spv24,M100,250.0,3453.0,4541.0,1088.0,2.7708528619196415
spv25,Phan4,300.0,5508.0,6654.0,1146.0,2.8247010829363983
spv26,M200,250.0,3298.0,3871.0,573.0,3.0042135230844496
spv27,Horsefly,250.0,5487.0,6142.0,655.0,3.3754834841094925
spv28,M600,300.0,3621.0,4104.0,483.0,2.3371496779732825
spv29,M100,200.0,1601.0,2129.0,528.0,2.728093642355508
spv30,Mavic,200.0,2923.0,3737.0,814.0,2.0631759187046845
spv31,Horsefly,250.0,5051.0,6240.0,1189.0,2.9890166671523017
spv32,CranfieldV2,250.0,3314.0,3881.0,567.0,2.920466153170425
spv33,M200,200.0,4306.0,4689.0,383.0,1.9879160040407227
spv34,Phan4,300.0,1966.0,2391.0,425.0,2.0761987096764143
spv35,M100,200.0,2436.0,3506.0,1070.0,2.754022936478929
spv36,CranfieldV2,300.0,7083.0,7580.0,497.0,2.4420860800993
spv37,CranfieldV2,250.0,4202.0,5496.0,1294.0,3.3234992715669067
spv38,Mavic,300.0,6678.0,7996.0,1318.0,3.335753207764021
spv39,Horsefly,250.0,2772.0,3403.0,631.0,3.239261824846343
spv40,Phan4,200.0,6619.0,7245.0,626.0,3.239976129272169
spv41,M600,300.0,6729.0,7745.0,1016.0,2.492570731161209
spv42,CranfieldV2,200.0,3504.0,4089.0,585.0,3.0174440547464636
spv43,Horsefly,250.0,7904.0,8319.0,415.0,2.019108712226588
spv44,Horsefly,300.0,12003.0,12861.0,858.0,2.0958320706034432
spv45,Mavic,300.0,10975.0,11484.0,509.0,2.5551645032151447
spv46,Horsefly,200.0,5516.0,5887.0,371.0,1.8979818535719082
spv47,CranfieldV2,250.0,6140.0,6979.0,839.0,2.086234309544157
spv48,M200,200.0,7054.0,7419.0,365.0,1.8722193760918846
spv49,M200,300.0,6850.0,7294.0,444.0,2.1750537880083494
spv50,Mavic,200.0,2828.0,3404.0,576.0,1.448377609141164
spv51,M200,300.0,4087.0,5095.0,1008.0,2.4535779179901898
spv52,M200,300.0,5596.0,6731.0,1135.0,2.863667042027524
spv53,CranfieldV2,250.0,6443.0,7451.0,1008.0,2.5525251178668067
spv54,Phan4,200.0,3444.0,4162.0,718.0,1.7948083134992558
spv55,Phan4,200.0,6841.0,7509.0,668.0,3.505936236577816
spv56,Phan4,250.0,3910.0,4341.0,431.0,2.1611858627003486
spv57,M600,200.0,5208.0,5754.0,546.0,2.805732260404064
spv58,Phan4,300.0,5515.0,6286.0,771.0,1.8529157973191708
spv59,Phan4,200.0,2568.0,3810.0,1242.0,3.233904453727315
spv60,M600,300.0,11065.0,12069.0,1004.0,2.522622002892464
spv61,Horsefly,300.0,2961.0,3476.0,515.0,2.552556064739442
spv62,Mavic,250.0,8818.0,9375.0,557.0,2.8485829840889525
spv63,M100,200.0,1130.0,2127.0,997.0,2.5951219158797976
spv64,Horsefly,200.0,6142.0,6611.0,469.0,2.4340082000953025
spv65,Phan4,250.0,8354.0,8808.0,454.0,2.2907238291057994
spv66,M200,250.0,8063.0,9127.0,1064.0,2.7064707804857497
spv67,Mavic,250.0,4631.0,5595.0,964.0,2.40669808368995
spv68,Phan4,250.0,9156.0,9511.0,355.0,1.7556623446835187
spv69,M200,300.0,6846.0,7647.0,801.0,1.9309610502009493
spv70,M600,300.0,7505.0,7904.0,399.0,1.9348088518768025
spv71,Phan4,200.0,7344.0,8018.0,674.0,1.7419294390951297
spv72,CranfieldV2,300.0,4029.0,4564.0,535.0,2.697081454377059
spv73,Phan4,250.0,12097.0,12568.0,471.0,2.380496219832207
spv74,M600,250.0,4333.0,4805.0,472.0,2.3791374675084063
spv75,M100,300.0,4157.0,5194.0,1037.0,2.5143962249930647
spv76,M200,250.0,1268.0,2256.0,988.0,2.489738505940926
spv77,Mavic,300.0,4321.0,4950.0,629.0,3.150319039569554
spv78,Mavic,250.0,4174.0,4526.0,352.0,1.7651936256350629
spv79,Horsefly,250.0,4368.0,4914.0,546.0,2.7581371378286788
hpv0,Eh216,350.0,11036.0,11708.0,672.0,7.054161978721172
hpv1,Eh216,350.0,9123.0,10002.0,879.0,6.916432399057567
hpv2,Eh216,350.0,6326.0,7546.0,1220.0,9.796640547977098
hpv3,Eh216,350.0,4030.0,4626.0,596.0,4.718197108220911
hpv4,Eh216,350.0,2114.0,3524.0,1410.0,11.335010409295336
hpv5,Eh216,350.0,2003.0,2566.0,563.0,4.4300280159298495
hpv6,Eh216,350.0,4266.0,5490.0,1224.0,9.765695106141855
hpv7,Eh216,350.0,6152.0,6524.0,372.0,3.6638001187259377
hpv8,Eh216,350.0,5452.0,5740.0,288.0,2.9138852948757967
hpv9,Eh216,350.0,9926.0,10962.0,1036.0,8.264255062897636
hpv10,Eh216,350.0,13119.0,13630.0,511.0,5.1117766642529014
hpv11,Eh216,350.0,4484.0,4819.0,335.0,3.364920394580524
hpv12,Eh216,350.0,5230.0,5769.0,539.0,5.591318784055182
hpv13,Eh216,350.0,7666.0,9063.0,1397.0,11.064454256000666
hpv14,Eh216,350.0,3788.0,4468.0,680.0,5.221426223986939
hpv15,Eh216,350.0,10116.0,10596.0,480.0,3.6286055635205035
hpv16,Eh216,350.0,6594.0,7754.0,1160.0,12.075798418896914
hpv17,Eh216,350.0,7521.0,8376.0,855.0,6.602305967431189
hpv18,Eh216,350.0,8952.0,9994.0,1042.0,10.688061371903709
hpv19,Eh216,350.0,2948.0,3881.0,933.0,9.539491962121355